%OpenBCI Raw EXG Data
%Number of channels = 8
%Sample Rate = 250 Hz
%Board = OpenBCI_GUI$BoardCytonSerial
Sample Index, EXG Channel 0, EXG Channel 1, EXG Channel 2, EXG Channel 3, EXG Channel 4, EXG Channel 5, EXG Channel 6, EXG Channel 7, Accel Channel 0, Accel Channel 1, Accel Channel 2, Not Used, Digital Channel 0 (D11), Digital Channel 1 (D12), Digital Channel 2 (D13), Digital Channel 3 (D17), Not Used, Digital Channel 4 (D18), Analog Channel 0, Analog Channel 1, Analog Channel 2, Timestamp, Marker Channel, Timestamp (Formatted)
245.0, -187500.02235174447, -148532.84043465144, -187500.02235174447, -185318.7379620955, -184140.957491512, -187037.0953723306, -185272.11222316173, -187500.02235174447, 0.158, -0.052000000000000005, 0.996, 192.0, 4.0, 240.0, 254.0, 96.0, 31.0, 32.0, 0.0, 0.0, 0.0, 1.730741801422763E9, 0.0, 2024-11-04 14:36:41.422
246.0, -187500.02235174447, -148618.0676362595, -187500.02235174447, -185318.2909272064, -184136.64360483215, -187042.9962328668, -185245.80421993785, -187500.02235174447, 0.158, -0.052000000000000005, 0.996, 192.0, 0.0, 0.0, 0.0, 0.0, 0.0, 0.0, 0.0, 0.0, 0.0, 1.7307418014228008E9, 0.0, 2024-11-04 14:36:41.422
247.0, -187500.02235174447, -148705.41825359088, -187500.02235174447, -185319.00618302898, -184133.7155263085, -187050.61817772608, -185220.88202487017, -187500.02235174447, 0.158, -0.052000000000000005, 0.996, 192.0, 0.0, 0.0, 0.0, 0.0, 0.0, 0.0, 0.0, 0.0, 0.0, 1.7307418014228232E9, 0.0, 2024-11-04 14:36:41.422
248.0, -187500.02235174447, -148787.13623131945, -187500.02235174447, -185317.70978185057, -184127.90407275013, -187057.27899757374, -185195.3563327022, -187500.02235174447, 0.158, -0.052000000000000005, 0.996, 192.0, 0.0, 0.0, 0.0, 0.0, 0.0, 0.0, 0.0, 0.0, 0.0, 1.730741801422846E9, 0.0, 2024-11-04 14:36:41.422
249.0, -187500.02235174447, -148868.65304334796, -187500.02235174447, -185314.75935158247, -184121.55617732482, -187062.9563406654, -185168.69070156704, -187500.02235174447, 0.158, -0.052000000000000005, 0.996, 192.0, 0.0, 0.0, 0.0, 0.0, 0.0, 0.0, 0.0, 0.0, 0.0, 1.7307418014228656E9, 0.0, 2024-11-04 14:36:41.422
250.0, -187500.02235174447, -148952.96382343338, -187500.02235174447, -185313.21708121506, -184117.1081801782, -187068.2537041013, -185141.53333205383, -187500.02235174447, 0.158, -0.052000000000000005, 0.996, 192.0, 0.0, 0.0, 0.0, 0.0, 0.0, 0.0, 0.0, 0.0, 0.0, 1.730741801422886E9, 0.0, 2024-11-04 14:36:41.422
251.0, -187500.02235174447, -149040.31444076472, -187500.02235174447, -185314.5358341379, -184115.09652317723, -187075.58507628264, -185117.192282342, -187500.02235174447, 0.158, -0.052000000000000005, 0.996, 192.0, 0.0, 0.0, 0.0, 0.0, 0.0, 0.0, 0.0, 0.0, 0.0, 1.7307418014229054E9, 0.0, 2024-11-04 14:36:41.422
252.0, -187500.02235174447, -149126.0110290064, -187500.02235174447, -185315.0946277493, -184113.7554185099, -187085.21867814288, -185095.82401464274, -187500.02235174447, 0.158, -0.052000000000000005, 0.996, 192.0, 0.0, 0.0, 0.0, 0.0, 0.0, 0.0, 0.0, 0.0, 0.0, 1.7307418014229248E9, 0.0, 2024-11-04 14:36:41.422
253.0, -187500.02235174447, -149204.59976251124, -187500.02235174447, -185310.2890026914, -184115.34239236623, -187090.29252413425, -185069.7842323523, -187500.02235174447, 0.158, -0.052000000000000005, 0.996, 192.0, 0.0, 0.0, 0.0, 0.0, 0.0, 0.0, 0.0, 0.0, 0.0, 1.730741801422945E9, 0.0, 2024-11-04 14:36:41.422
254.0, -187500.02235174447, -149278.71814712504, -187500.02235174447, -185300.34247640878, -184191.22656479198, -187088.12440492207, -185001.67846699696, -187500.02235174447, 0.158, -0.052000000000000005, 0.996, 192.0, 0.0, 0.0, 0.0, 0.0, 0.0, 0.0, 0.0, 0.0, 0.0, 1.7307418014229643E9, 0.0, 2024-11-04 14:36:41.422
255.0, -187500.02235174447, -149352.74712476102, -187500.02235174447, -185288.85367975876, -184221.26730933992, -187083.8105182422, -184699.32641975002, -187500.02235174447, 0.158, -0.056, 0.994, 192.0, 4.0, 240.0, 254.0, 64.0, 31.0, 16.0, 0.0, 0.0, 0.0, 1.7307418014230893E9, 0.0, 2024-11-04 14:36:41.423
0.0, -187500.02235174447, -149407.59830565433, -187500.02235174447, -185261.1822201231, -184191.0253990919, -187064.92329417745, -184724.67329796235, -187500.02235174447, 0.158, -0.056, 0.994, 192.0, 0.0, 0.0, 0.0, 0.0, 0.0, 0.0, 0.0, 0.0, 0.0, 1.7307418014231102E9, 0.0, 2024-11-04 14:36:41.423
1.0, -187500.02235174447, -149456.86155043382, -187500.02235174447, -185229.6662604411, -184155.5084771524, -187041.67747994393, -184993.90005992653, -187500.02235174447, 0.158, -0.056, 0.994, 192.0, 0.0, 0.0, 0.0, 0.0, 0.0, 0.0, 0.0, 0.0, 0.0, 1.7307418014231303E9, 0.0, 2024-11-04 14:36:41.423
2.0, -187500.02235174447, -149508.44937663668, -187500.02235174447, -185198.53028041485, -184120.63975580214, -187017.9846308213, -185261.74101373449, -187500.02235174447, 0.158, -0.056, 0.994, 192.0, 0.0, 0.0, 0.0, 0.0, 0.0, 0.0, 0.0, 0.0, 0.0, 1.73074180142315E9, 0.0, 2024-11-04 14:36:41.423
3.0, -187500.02235174447, -149558.91961561676, -187500.02235174447, -185166.27671316586, -184148.44532590453, -186993.21889796483, -185664.6759110303, -187500.02235174447, 0.158, -0.056, 0.994, 192.0, 0.0, 0.0, 0.0, 0.0, 0.0, 0.0, 0.0, 0.0, 0.0, 1.7307418014231696E9, 0.0, 2024-11-04 14:36:41.423
4.0, -187500.02235174447, -149628.25472691713, -187500.02235174447, -185152.23981764793, -184210.94080340158, -186987.20627870635, -186143.7855534298, -187500.02235174447, 0.158, -0.056, 0.994, 192.0, 0.0, 0.0, 0.0, 0.0, 0.0, 0.0, 0.0, 0.0, 0.0, 1.7307418014232705E9, 0.0, 2024-11-04 14:36:41.423
5.0, -187500.02235174447, -149711.02323663514, -187500.02235174447, -185150.02699494685, -184210.76198944595, -186994.4929473988, -186181.35883585917, -187500.02235174447, 0.158, -0.056, 0.994, 192.0, 0.0, 0.0, 0.0, 0.0, 0.0, 0.0, 0.0, 0.0, 0.0, 1.7307418014232905E9, 0.0, 2024-11-04 14:36:41.423
6.0, -187500.02235174447, -149794.5070021757, -187500.02235174447, -185147.85887573467, -184204.54820448736, -187000.1926422349, -186153.62032099013, -187500.02235174447, 0.158, -0.056, 0.994, 192.0, 0.0, 0.0, 0.0, 0.0, 0.0, 0.0, 0.0, 0.0, 0.0, 1.73074180142331E9, 0.0, 2024-11-04 14:36:41.423
7.0, -187500.02235174447, -149880.5835700731, -187500.02235174447, -185147.65771003457, -184200.39078001867, -187006.45113068237, -186125.94886135447, -187500.02235174447, 0.158, -0.056, 0.994, 192.0, 0.0, 0.0, 0.0, 0.0, 0.0, 0.0, 0.0, 0.0, 0.0, 1.7307418014233296E9, 0.0, 2024-11-04 14:36:41.423
8.0, -187500.02235174447, -149965.47549551434, -187500.02235174447, -185146.8530472342, -184196.14394857216, -187013.13430227453, -186099.17147149701, -187500.02235174447, 0.158, -0.056, 0.994, 192.0, 0.0, 0.0, 0.0, 0.0, 0.0, 0.0, 0.0, 0.0, 0.0, 1.730741801423349E9, 0.0, 2024-11-04 14:36:41.423
9.0, -187500.02235174447, -150047.55110115424, -187500.02235174447, -185144.64022453313, -184191.38302700318, -187019.61630816656, -186074.04811072926, -187500.02235174447, 0.156, -0.05, 0.996, 192.0, 4.0, 224.0, 254.0, 112.0, 31.0, 32.0, 0.0, 0.0, 0.0, 1.7307418014233682E9, 0.0, 2024-11-04 14:36:41.423
10.0, -187500.02235174447, -150130.5878318057, -187500.02235174447, -185141.64509077612, -184185.77273914492, -187025.56187219167, -186047.13661040505, -187500.02235174447, 0.156, -0.05, 0.996, 192.0, 0.0, 0.0, 0.0, 0.0, 0.0, 0.0, 0.0, 0.0, 0.0, 1.7307418014233887E9, 0.0, 2024-11-04 14:36:41.423
11.0, -187500.02235174447, -150218.27372530388, -187500.02235174447, -185141.24275937592, -184182.01764607642, -187031.9991745948, -186020.7615519478, -187500.02235174447, 0.156, -0.05, 0.996, 192.0, 0.0, 0.0, 0.0, 0.0, 0.0, 0.0, 0.0, 0.0, 0.0, 1.7307418014234116E9, 0.0, 2024-11-04 14:36:41.423
12.0, -187500.02235174447, -150307.25601998044, -187500.02235174447, -185143.61204428817, -184180.9224105981, -187040.4928374878, -185996.73342665835, -187500.02235174447, 0.156, -0.05, 0.996, 192.0, 0.0, 0.0, 0.0, 0.0, 0.0, 0.0, 0.0, 0.0, 0.0, 1.730741801423431E9, 0.0, 2024-11-04 14:36:41.423
13.0, -187500.02235174447, -150389.82336399835, -187500.02235174447, -185142.31564310976, -184177.45789020753, -187048.3606515361, -185972.63824613552, -187500.02235174447, 0.156, -0.05, 0.996, 192.0, 0.0, 0.0, 0.0, 0.0, 0.0, 0.0, 0.0, 0.0, 0.0, 1.7307418014234507E9, 0.0, 2024-11-04 14:36:41.423
14.0, -187500.02235174447, -150469.57438821488, -187500.02235174447, -185138.6499570191, -184172.24993374944, -187054.395622539, -185946.35259465608, -187500.02235174447, 0.156, -0.05, 0.996, 192.0, 0.0, 0.0, 0.0, 0.0, 0.0, 0.0, 0.0, 0.0, 0.0, 1.7307418014234953E9, 0.0, 2024-11-04 14:36:41.423
15.0, -187500.02235174447, -150554.10868574487, -187500.02235174447, -185137.8452942187, -184167.08668078025, -187060.22942784184, -185919.44109433188, -187500.02235174447, 0.156, -0.05, 0.996, 192.0, 0.0, 0.0, 0.0, 0.0, 0.0, 0.0, 0.0, 0.0, 0.0, 1.730741801423515E9, 0.0, 2024-11-04 14:36:41.423
16.0, -187500.02235174447, -150640.74404725363, -187500.02235174447, -185138.31468085226, -184162.59398014474, -187066.01852965576, -185893.15544285244, -187500.02235174447, 0.156, -0.05, 0.996, 192.0, 0.0, 0.0, 0.0, 0.0, 0.0, 0.0, 0.0, 0.0, 0.0, 1.7307418014235344E9, 0.0, 2024-11-04 14:36:41.423
17.0, -187500.02235174447, -150723.53490871607, -187500.02235174447, -185137.33120409623, -184158.59301788724, -187072.74640473683, -185868.99320709627, -187500.02235174447, 0.156, -0.05, 0.996, 192.0, 0.0, 0.0, 0.0, 0.0, 0.0, 0.0, 0.0, 0.0, 0.0, 1.730741801423554E9, 0.0, 2024-11-04 14:36:41.423
18.0, -187500.02235174447, -150803.0400637436, -187500.02235174447, -185133.82198021674, -184153.3627096847, -187078.28963736174, -185843.33340446156, -187500.02235174447, 0.156, -0.05, 0.996, 192.0, 0.0, 0.0, 0.0, 0.0, 0.0, 0.0, 0.0, 0.0, 0.0, 1.7307418014235735E9, 0.0, 2024-11-04 14:36:41.423
19.0, -187500.02235174447, -150886.92616068438, -187500.02235174447, -185132.72674473844, -184148.1100497377, -187084.81634674268, -185816.0195727372, -187500.02235174447, 0.162, -0.058, 0.998, 192.0, 5.0, 16.0, 254.0, 48.0, 31.0, 48.0, 0.0, 0.0, 0.0, 1.7307418014236104E9, 0.0, 2024-11-04 14:36:41.423
20.0, -187500.02235174447, -150976.17667629442, -187500.02235174447, -185134.13490463913, -184146.1654479701, -187094.13702418056, -185791.7008747698, -187500.02235174447, 0.162, -0.058, 0.998, 192.0, 0.0, 0.0, 0.0, 0.0, 0.0, 0.0, 0.0, 0.0, 0.0, 1.7307418014236317E9, 0.0, 2024-11-04 14:36:41.423
21.0, -187500.02235174447, -151060.88978778003, -187500.02235174447, -185134.71604999495, -184143.55029386882, -187102.4518731179, -185768.56681925856, -187500.02235174447, 0.162, -0.058, 0.998, 192.0, 0.0, 0.0, 0.0, 0.0, 0.0, 0.0, 0.0, 0.0, 0.0, 1.7307418014236512E9, 0.0, 2024-11-04 14:36:41.423
22.0, -187500.02235174447, -151142.54071027527, -187500.02235174447, -185131.92208193804, -184138.47644787747, -187109.00093424332, -185743.57756895752, -187500.02235174447, 0.162, -0.058, 0.998, 192.0, 0.0, 0.0, 0.0, 0.0, 0.0, 0.0, 0.0, 0.0, 0.0, 1.7307418014236708E9, 0.0, 2024-11-04 14:36:41.423
23.0, -187500.02235174447, -151225.6444961601, -187500.02235174447, -185127.67525049153, -184134.72135480898, -187113.62774534558, -185715.57083315504, -187500.02235174447, 0.162, -0.058, 0.998, 192.0, 0.0, 0.0, 0.0, 0.0, 0.0, 0.0, 0.0, 0.0, 0.0, 1.7307418014236903E9, 0.0, 2024-11-04 14:36:41.423
24.0, -187500.02235174447, -151303.42856686458, -187500.02235174447, -185120.85796843268, -184193.17116655962, -187111.7054953224, -185680.61270482693, -187500.02235174447, 0.162, -0.058, 0.998, 192.0, 0.0, 0.0, 0.0, 0.0, 0.0, 0.0, 0.0, 0.0, 0.0, 1.7307418014237096E9, 0.0, 2024-11-04 14:36:41.423
25.0, -187500.02235174447, -151384.31953004832, -187500.02235174447, -185117.16993059753, -184239.6404432822, -187116.3770099136, -185652.6730242578, -187500.02235174447, 0.162, -0.058, 0.998, 192.0, 0.0, 0.0, 0.0, 0.0, 0.0, 0.0, 0.0, 0.0, 0.0, 1.7307418014237287E9, 0.0, 2024-11-04 14:36:41.423
26.0, -187500.02235174447, -151464.51758915395, -187500.02235174447, -185113.951279396, -184235.72888800252, -187122.63549836105, -185628.24256756814, -187500.02235174447, 0.162, -0.058, 0.998, 192.0, 0.0, 0.0, 0.0, 0.0, 0.0, 0.0, 0.0, 0.0, 0.0, 1.7307418014237487E9, 0.0, 2024-11-04 14:36:41.423
27.0, -187500.02235174447, -151548.33663086136, -187500.02235174447, -185111.40318052808, -184230.31976584432, -187128.78222808626, -185601.42047422178, -187500.02235174447, 0.162, -0.058, 0.998, 192.0, 0.0, 0.0, 0.0, 0.0, 0.0, 0.0, 0.0, 0.0, 0.0, 1.7307418014237683E9, 0.0, 2024-11-04 14:36:41.423
28.0, -187500.02235174447, -151636.11193133736, -187500.02235174447, -185112.20784332848, -184227.50344604297, -187136.85120783464, -185576.297113454, -187500.02235174447, 0.162, -0.058, 0.998, 192.0, 0.0, 0.0, 0.0, 0.0, 0.0, 0.0, 0.0, 0.0, 0.0, 1.730741801423809E9, 0.0, 2024-11-04 14:36:41.423
29.0, -187500.02235174447, -151721.9649817902, -187500.02235174447, -185112.65487821758, -184225.51414078643, -187144.69667013845, -185552.67131956475, -187500.02235174447, 0.166, -0.048, 0.996, 192.0, 5.0, 48.0, 254.0, 128.0, 31.0, 32.0, 0.0, 0.0, 0.0, 1.7307418014238288E9, 0.0, 2024-11-04 14:36:41.423
30.0, -187500.02235174447, -151803.01240718513, -187500.02235174447, -185110.0397241163, -184220.82027445082, -187151.49160045286, -185528.06204891947, -187500.02235174447, 0.166, -0.048, 0.996, 192.0, 0.0, 0.0, 0.0, 0.0, 0.0, 0.0, 0.0, 0.0, 0.0, 1.73074180142385E9, 0.0, 2024-11-04 14:36:41.423
31.0, -187500.02235174447, -151884.17159130235, -187500.02235174447, -185107.51397699286, -184214.31591681432, -187156.38663248857, -185500.70351370616, -187500.02235174447, 0.166, -0.048, 0.996, 192.0, 0.0, 0.0, 0.0, 0.0, 0.0, 0.0, 0.0, 0.0, 0.0, 1.73074180142387E9, 0.0, 2024-11-04 14:36:41.423
32.0, -187500.02235174447, -151968.08003998757, -187500.02235174447, -185105.94935488098, -184209.28677431188, -187161.79575464677, -185472.80853662593, -187500.02235174447, 0.166, -0.048, 0.996, 192.0, 0.0, 0.0, 0.0, 0.0, 0.0, 0.0, 0.0, 0.0, 0.0, 1.7307418014238913E9, 0.0, 2024-11-04 14:36:41.423
33.0, -187500.02235174447, -152053.59781427358, -187500.02235174447, -185106.3963897701, -184205.84460566577, -187169.01536810581, -185448.35572819185, -187500.02235174447, 0.166, -0.048, 0.996, 192.0, 0.0, 0.0, 0.0, 0.0, 0.0, 0.0, 0.0, 0.0, 0.0, 1.730741801423914E9, 0.0, 2024-11-04 14:36:41.423
34.0, -187500.02235174447, -152137.12628330308, -187500.02235174447, -185104.36238102466, -184201.5754224748, -187175.60913272013, -185424.08173371336, -187500.02235174447, 0.166, -0.048, 0.996, 192.0, 0.0, 0.0, 0.0, 0.0, 0.0, 0.0, 0.0, 0.0, 0.0, 1.730741801423941E9, 0.0, 2024-11-04 14:36:41.423
35.0, -187500.02235174447, -152220.45358663244, -187500.02235174447, -185101.41195075656, -184196.1215968277, -187181.1747170895, -185398.1537101452, -187500.02235174447, 0.166, -0.048, 0.996, 192.0, 0.0, 0.0, 0.0, 0.0, 0.0, 0.0, 0.0, 0.0, 0.0, 1.73074180142396E9, 0.0, 2024-11-04 14:36:41.423
36.0, -187500.02235174447, -152306.82072720776, -187500.02235174447, -185101.6354682011, -184192.54531771486, -187188.7296067154, -185373.16445984418, -187500.02235174447, 0.166, -0.048, 0.996, 192.0, 0.0, 0.0, 0.0, 0.0, 0.0, 0.0, 0.0, 0.0, 0.0, 1.7307418014239793E9, 0.0, 2024-11-04 14:36:41.423
37.0, -187500.02235174447, -152393.54549569436, -187500.02235174447, -185101.74722692338, -184189.75134965795, -187196.41860680803, -185348.95752059907, -187500.02235174447, 0.166, -0.048, 0.996, 192.0, 0.0, 0.0, 0.0, 0.0, 0.0, 0.0, 0.0, 0.0, 0.0, 1.730741801423998E9, 0.0, 2024-11-04 14:36:41.423
38.0, -187500.02235174447, -152476.0457844789, -187500.02235174447, -185099.91438387806, -184186.06331182283, -187204.42053132303, -185325.4434854321, -187500.02235174447, 0.166, -0.048, 0.996, 192.0, 0.0, 0.0, 0.0, 0.0, 0.0, 0.0, 0.0, 0.0, 0.0, 1.730741801424017E9, 0.0, 2024-11-04 14:36:41.424
39.0, -187500.02235174447, -152557.1602651072, -187500.02235174447, -185096.71808442095, -184179.76011988643, -187210.03081918132, -185299.15783395266, -187500.02235174447, 0.166, -0.052000000000000005, 1.004, 192.0, 5.0, 48.0, 254.0, 96.0, 31.0, 96.0, 0.0, 0.0, 0.0, 1.7307418014240365E9, 0.0, 2024-11-04 14:36:41.424
40.0, -187500.02235174447, -152641.04636204796, -187500.02235174447, -185093.94646810848, -184173.09930003874, -187214.09883667217, -185269.7876417384, -187500.02235174447, 0.166, -0.052000000000000005, 1.004, 192.0, 0.0, 0.0, 0.0, 0.0, 0.0, 0.0, 0.0, 0.0, 0.0, 1.7307418014240563E9, 0.0, 2024-11-04 14:36:41.424
41.0, -187500.02235174447, -152727.48055785664, -187500.02235174447, -185094.39350299758, -184170.3723872152, -187221.51961583135, -185244.35135654826, -187500.02235174447, 0.166, -0.052000000000000005, 1.004, 192.0, 0.0, 0.0, 0.0, 0.0, 0.0, 0.0, 0.0, 0.0, 0.0, 1.7307418014240751E9, 0.0, 2024-11-04 14:36:41.424
42.0, -187500.02235174447, -152809.0644251185, -187500.02235174447, -185093.14180530809, -184167.220791247, -187229.02980196834, -185220.45734172553, -187500.02235174447, 0.166, -0.052000000000000005, 1.004, 192.0, 0.0, 0.0, 0.0, 0.0, 0.0, 0.0, 0.0, 0.0, 0.0, 1.730741801424094E9, 0.0, 2024-11-04 14:36:41.424
43.0, -187500.02235174447, -152888.8825045684, -187500.02235174447, -185090.21372678445, -184162.1692970001, -187235.57886309372, -185195.6692571246, -187500.02235174447, 0.166, -0.052000000000000005, 1.004, 192.0, 0.0, 0.0, 0.0, 0.0, 0.0, 0.0, 0.0, 0.0, 0.0, 1.7307418014241493E9, 0.0, 2024-11-04 14:36:41.424
44.0, -187500.02235174447, -152973.34974686502, -187500.02235174447, -185089.52082270634, -184158.5259626539, -187242.66436608607, -185171.2611521794, -187500.02235174447, 0.166, -0.052000000000000005, 1.004, 192.0, 0.0, 0.0, 0.0, 0.0, 0.0, 0.0, 0.0, 0.0, 0.0, 1.7307418014241693E9, 0.0, 2024-11-04 14:36:41.424
45.0, -187500.02235174447, -153059.64983220695, -187500.02235174447, -185090.66076167356, -184155.59788413023, -187249.86162780068, -185145.57899780024, -187500.02235174447, 0.166, -0.052000000000000005, 1.004, 192.0, 0.0, 0.0, 0.0, 0.0, 0.0, 0.0, 0.0, 0.0, 0.0, 1.7307418014241898E9, 0.0, 2024-11-04 14:36:41.424
46.0, -187500.02235174447, -153142.8430250696, -187500.02235174447, -185089.5878779397, -184152.24512246193, -187258.1988284825, -185122.0873143777, -187500.02235174447, 0.166, -0.052000000000000005, 1.004, 192.0, 0.0, 0.0, 0.0, 0.0, 0.0, 0.0, 0.0, 0.0, 0.0, 1.730741801424209E9, 0.0, 2024-11-04 14:36:41.424
47.0, -187500.02235174447, -153220.89531670755, -187500.02235174447, -185084.22345927043, -184151.5745701283, -187262.06568027326, -185088.1350145501, -187500.02235174447, 0.166, -0.052000000000000005, 1.004, 192.0, 0.0, 0.0, 0.0, 0.0, 0.0, 0.0, 0.0, 0.0, 0.0, 1.730741801424229E9, 0.0, 2024-11-04 14:36:41.424
48.0, -187500.02235174447, -153288.46464019595, -187500.02235174447, -185067.34789220666, -184217.5345680159, -187252.32031969074, -184834.10743881555, -187500.02235174447, 0.166, -0.052000000000000005, 1.004, 192.0, 0.0, 0.0, 0.0, 0.0, 0.0, 0.0, 0.0, 0.0, 0.0, 1.730741801424291E9, 0.0, 2024-11-04 14:36:41.424
49.0, -187500.02235174447, -153347.87557695815, -187500.02235174447, -185042.5821593502, -184238.65696652615, -187233.65661307058, -184708.02124834314, -187500.02235174447, 0.16, -0.044, 0.996, 192.0, 5.0, 0.0, 254.0, 160.0, 31.0, 32.0, 0.0, 0.0, 0.0, 1.7307418014243257E9, 0.0, 2024-11-04 14:36:41.424
50.0, -187500.02235174447, -153401.18448748405, -187500.02235174447, -185014.93305145897, -184206.9174893996, -187214.00942969436, -184959.81364963218, -187500.02235174447, 0.16, -0.044, 0.996, 192.0, 0.0, 0.0, 0.0, 0.0, 0.0, 0.0, 0.0, 0.0, 0.0, 1.7307418014243476E9, 0.0, 2024-11-04 14:36:41.424
51.0, -187500.02235174447, -153450.6265462192, -187500.02235174447, -184984.0205888773, -184172.8757825942, -187192.931734673, -185230.60503370824, -187500.02235174447, 0.16, -0.044, 0.996, 192.0, 0.0, 0.0, 0.0, 0.0, 0.0, 0.0, 0.0, 0.0, 0.0, 1.7307418014243677E9, 0.0, 2024-11-04 14:36:41.424
52.0, -187500.02235174447, -153501.74498578848, -187500.02235174447, -184952.03524256175, -184148.2665119489, -187170.1329553286, -185576.58768613194, -187500.02235174447, 0.16, -0.044, 0.996, 192.0, 0.0, 0.0, 0.0, 0.0, 0.0, 0.0, 0.0, 0.0, 0.0, 1.730741801424389E9, 0.0, 2024-11-04 14:36:41.424
53.0, -187500.02235174447, -153563.1005243183, -187500.02235174447, -184928.83413181713, -184217.19929184907, -187154.06205106524, -186106.59225065616, -187500.02235174447, 0.16, -0.044, 0.996, 192.0, 0.0, 0.0, 0.0, 0.0, 0.0, 0.0, 0.0, 0.0, 0.0, 1.7307418014244106E9, 0.0, 2024-11-04 14:36:41.424
54.0, -187500.02235174447, -153644.43852239117, -187500.02235174447, -184925.3472596821, -184256.65012081267, -187158.24182727837, -186208.82912979476, -187500.02235174447, 0.16, -0.044, 0.996, 192.0, 0.0, 0.0, 0.0, 0.0, 0.0, 0.0, 0.0, 0.0, 0.0, 1.7307418014244304E9, 0.0, 2024-11-04 14:36:41.424
55.0, -187500.02235174447, -153724.77069196352, -187500.02235174447, -184923.67087884794, -184251.8891992437, -187164.09798432566, -186182.92345797105, -187500.02235174447, 0.16, -0.044, 0.996, 192.0, 0.0, 0.0, 0.0, 0.0, 0.0, 0.0, 0.0, 0.0, 0.0, 1.7307418014244502E9, 0.0, 2024-11-04 14:36:41.424
56.0, -187500.02235174447, -153805.52754468055, -187500.02235174447, -184918.909957279, -184244.46842008454, -187168.0765948387, -186153.86619017913, -187500.02235174447, 0.16, -0.044, 0.996, 192.0, 0.0, 0.0, 0.0, 0.0, 0.0, 0.0, 0.0, 0.0, 0.0, 1.730741801424474E9, 0.0, 2024-11-04 14:36:41.424
57.0, -187500.02235174447, -153891.40294687785, -187500.02235174447, -184917.92648052293, -184239.70749851555, -187173.932751886, -186125.90415786556, -187500.02235174447, 0.16, -0.044, 0.996, 192.0, 0.0, 0.0, 0.0, 0.0, 0.0, 0.0, 0.0, 0.0, 0.0, 1.7307418014244928E9, 0.0, 2024-11-04 14:36:41.424
58.0, -187500.02235174447, -153976.1384101079, -187500.02235174447, -184917.63590784502, -184236.734716503, -187182.2252490789, -186100.51257616433, -187500.02235174447, 0.16, -0.044, 0.996, 192.0, 0.0, 0.0, 0.0, 0.0, 0.0, 0.0, 0.0, 0.0, 0.0, 1.7307418014245484E9, 0.0, 2024-11-04 14:36:41.424
59.0, -187500.02235174447, -154058.97397505929, -187500.02235174447, -184916.6971345779, -184233.31489960133, -187190.27187708282, -186076.3279886637, -187500.02235174447, 0.156, -0.044, 0.996, 192.0, 4.0, 224.0, 254.0, 160.0, 31.0, 32.0, 0.0, 0.0, 0.0, 1.730741801424569E9, 0.0, 2024-11-04 14:36:41.424
60.0, -187500.02235174447, -154142.8377202556, -187500.02235174447, -184914.52901536573, -184229.31393734383, -187198.11733938663, -186051.67401452948, -187500.02235174447, 0.156, -0.044, 0.996, 192.0, 0.0, 0.0, 0.0, 0.0, 0.0, 0.0, 0.0, 0.0, 0.0, 1.7307418014245892E9, 0.0, 2024-11-04 14:36:41.424
61.0, -187500.02235174447, -154228.04257011923, -187500.02235174447, -184913.67964907642, -184224.8435884528, -187204.37582783413, -186024.94132816093, -187500.02235174447, 0.156, -0.044, 0.996, 192.0, 0.0, 0.0, 0.0, 0.0, 0.0, 0.0, 0.0, 0.0, 0.0, 1.730741801424608E9, 0.0, 2024-11-04 14:36:41.424
62.0, -187500.02235174447, -154314.70028337245, -187500.02235174447, -184913.23261418732, -184222.16137911813, -187211.28251687082, -185999.37093250407, -187500.02235174447, 0.156, -0.044, 0.996, 192.0, 0.0, 0.0, 0.0, 0.0, 0.0, 0.0, 0.0, 0.0, 0.0, 1.7307418014246273E9, 0.0, 2024-11-04 14:36:41.424
63.0, -187500.02235174447, -154395.9935779564, -187500.02235174447, -184911.37741939753, -184218.29452732738, -187218.27861288533, -185975.20869674787, -187500.02235174447, 0.156, -0.044, 0.996, 192.0, 0.0, 0.0, 0.0, 0.0, 0.0, 0.0, 0.0, 0.0, 0.0, 1.7307418014246542E9, 0.0, 2024-11-04 14:36:41.424
64.0, -187500.02235174447, -154474.98464286144, -187500.02235174447, -184907.10823620658, -184210.6278789792, -187223.0395344543, -185948.72187956833, -187500.02235174447, 0.156, -0.044, 0.996, 192.0, 0.0, 0.0, 0.0, 0.0, 0.0, 0.0, 0.0, 0.0, 0.0, 1.7307418014246733E9, 0.0, 2024-11-04 14:36:41.424
65.0, -187500.02235174447, -154559.65305085815, -187500.02235174447, -184905.20833792788, -184205.24110856547, -187228.60511882367, -185921.7880274997, -187500.02235174447, 0.156, -0.044, 0.996, 192.0, 0.0, 0.0, 0.0, 0.0, 0.0, 0.0, 0.0, 0.0, 0.0, 1.7307418014246924E9, 0.0, 2024-11-04 14:36:41.424
66.0, -187500.02235174447, -154647.07072342286, -187500.02235174447, -184905.45420711688, -184201.93305038608, -187236.0482497273, -185896.23998358726, -187500.02235174447, 0.156, -0.044, 0.996, 192.0, 0.0, 0.0, 0.0, 0.0, 0.0, 0.0, 0.0, 0.0, 0.0, 1.7307418014247112E9, 0.0, 2024-11-04 14:36:41.424
67.0, -187500.02235174447, -154731.40385525275, -187500.02235174447, -184904.4483786164, -184198.71439918454, -187243.6478428421, -185871.3177885196, -187500.02235174447, 0.156, -0.044, 0.996, 192.0, 0.0, 0.0, 0.0, 0.0, 0.0, 0.0, 0.0, 0.0, 0.0, 1.73074180142473E9, 0.0, 2024-11-04 14:36:41.424
68.0, -187500.02235174447, -154811.71367308067, -187500.02235174447, -184902.50377684878, -184194.51227122694, -187250.6439388566, -185846.73086961877, -187500.02235174447, 0.156, -0.044, 0.996, 192.0, 0.0, 0.0, 0.0, 0.0, 0.0, 0.0, 0.0, 0.0, 0.0, 1.7307418014247491E9, 0.0, 2024-11-04 14:36:41.424
69.0, -187500.02235174447, -154893.2081333647, -187500.02235174447, -184900.11214019207, -184189.34901825775, -187256.88007555963, -185820.17699720585, -187500.02235174447, 0.156, -0.046, 0.994, 192.0, 4.0, 224.0, 254.0, 144.0, 31.0, 16.0, 0.0, 0.0, 0.0, 1.7307418014247675E9, 0.0, 2024-11-04 14:36:41.424
70.0, -187500.02235174447, -154977.74243089466, -187500.02235174447, -184900.06743670316, -184185.77273914492, -187263.87617157414, -185794.53954631562, -187500.02235174447, 0.156, -0.046, 0.994, 192.0, 0.0, 0.0, 0.0, 0.0, 0.0, 0.0, 0.0, 0.0, 0.0, 1.7307418014247875E9, 0.0, 2024-11-04 14:36:41.424
71.0, -187500.02235174447, -155060.35447840148, -187500.02235174447, -184899.2851256472, -184182.44232922106, -187270.91697107756, -185769.75146171468, -187500.02235174447, 0.156, -0.046, 0.994, 192.0, 0.0, 0.0, 0.0, 0.0, 0.0, 0.0, 0.0, 0.0, 0.0, 1.7307418014248068E9, 0.0, 2024-11-04 14:36:41.424
72.0, -187500.02235174447, -155139.8149299401, -187500.02235174447, -184895.7311982788, -184176.29559949585, -187275.58848566873, -185743.33169976852, -187500.02235174447, 0.156, -0.046, 0.994, 192.0, 0.0, 0.0, 0.0, 0.0, 0.0, 0.0, 0.0, 0.0, 0.0, 1.730741801424826E9, 0.0, 2024-11-04 14:36:41.424
73.0, -187500.02235174447, -155220.95176231288, -187500.02235174447, -184893.20545115537, -184170.3723872152, -187281.10936654918, -185716.39784769987, -187500.02235174447, 0.156, -0.046, 0.994, 192.0, 0.0, 0.0, 0.0, 0.0, 0.0, 0.0, 0.0, 0.0, 0.0, 1.730741801424866E9, 0.0, 2024-11-04 14:36:41.424
74.0, -187500.02235174447, -155305.1060801871, -187500.02235174447, -184893.4960238333, -184167.1760877581, -187287.81488988578, -185689.50869912014, -187500.02235174447, 0.156, -0.046, 0.994, 192.0, 0.0, 0.0, 0.0, 0.0, 0.0, 0.0, 0.0, 0.0, 0.0, 1.7307418014248848E9, 0.0, 2024-11-04 14:36:41.424
75.0, -187500.02235174447, -155389.17099108352, -187500.02235174447, -184893.138395922, -184164.3150644678, -187295.8615178897, -185666.06171918652, -187500.02235174447, 0.156, -0.046, 0.994, 192.0, 0.0, 0.0, 0.0, 0.0, 0.0, 0.0, 0.0, 0.0, 0.0, 1.730741801424905E9, 0.0, 2024-11-04 14:36:41.424
76.0, -187500.02235174447, -155467.87148331065, -187500.02235174447, -184887.4834045748, -184177.7708146299, -187300.44362550305, -185639.53019851807, -187500.02235174447, 0.156, -0.046, 0.994, 192.0, 0.0, 0.0, 0.0, 0.0, 0.0, 0.0, 0.0, 0.0, 0.0, 1.730741801424924E9, 0.0, 2024-11-04 14:36:41.424
77.0, -187500.02235174447, -155541.87810920217, -187500.02235174447, -184876.86632595854, -184256.29249290138, -187299.12487258017, -185605.4661399682, -187500.02235174447, 0.156, -0.046, 0.994, 192.0, 0.0, 0.0, 0.0, 0.0, 0.0, 0.0, 0.0, 0.0, 0.0, 1.73074180142495E9, 0.0, 2024-11-04 14:36:41.424
78.0, -187500.02235174447, -155625.85361312077, -187500.02235174447, -184875.14524163547, -184273.3468739208, -187305.13749183866, -185577.66056986578, -187500.02235174447, 0.156, -0.046, 0.994, 192.0, 0.0, 0.0, 0.0, 0.0, 0.0, 0.0, 0.0, 0.0, 0.0, 1.7307418014249756E9, 0.0, 2024-11-04 14:36:41.424
79.0, -187500.02235174447, -155708.86799202778, -187500.02235174447, -184874.60879976855, -184270.61996109725, -187312.5582709978, -185552.71602305365, -187500.02235174447, 0.158, -0.04, 0.994, 192.0, 4.0, 240.0, 254.0, 192.0, 31.0, 16.0, 0.0, 0.0, 0.0, 1.7307418014249947E9, 0.0, 2024-11-04 14:36:41.424
80.0, -187500.02235174447, -155787.21085634362, -187500.02235174447, -184870.92076193343, -184264.98732149453, -187317.47565477798, -185526.87740646332, -187500.02235174447, 0.158, -0.04, 0.994, 192.0, 0.0, 0.0, 0.0, 0.0, 0.0, 0.0, 0.0, 0.0, 0.0, 1.730741801425017E9, 0.0, 2024-11-04 14:36:41.425
81.0, -187500.02235174447, -155867.90065382727, -187500.02235174447, -184867.88092468752, -184258.77353653594, -187322.0577623913, -185500.18942358368, -187500.02235174447, 0.158, -0.04, 0.994, 192.0, 0.0, 0.0, 0.0, 0.0, 0.0, 0.0, 0.0, 0.0, 0.0, 1.7307418014250443E9, 0.0, 2024-11-04 14:36:41.425
82.0, -187500.02235174447, -155952.74787577963, -187500.02235174447, -184866.42806129792, -184254.1914289226, -187328.60682351672, -185473.41203372623, -187500.02235174447, 0.158, -0.04, 0.994, 192.0, 0.0, 0.0, 0.0, 0.0, 0.0, 0.0, 0.0, 0.0, 0.0, 1.7307418014250708E9, 0.0, 2024-11-04 14:36:41.425
83.0, -187500.02235174447, -156037.4162837763, -187500.02235174447, -184866.02572989772, -184251.0398329544, -187337.03343117636, -185448.35572819185, -187500.02235174447, 0.158, -0.04, 0.994, 192.0, 0.0, 0.0, 0.0, 0.0, 0.0, 0.0, 0.0, 0.0, 0.0, 1.730741801425091E9, 0.0, 2024-11-04 14:36:41.425
84.0, -187500.02235174447, -156120.1400900054, -187500.02235174447, -184865.15401186395, -184248.8940654867, -187346.08588768076, -185425.17696919167, -187500.02235174447, 0.158, -0.04, 0.994, 192.0, 0.0, 0.0, 0.0, 0.0, 0.0, 0.0, 0.0, 0.0, 0.0, 1.7307418014251113E9, 0.0, 2024-11-04 14:36:41.425
85.0, -187500.02235174447, -156201.65690203392, -187500.02235174447, -184862.1365263625, -184244.24490264, -187351.87498949468, -185400.2100706351, -187500.02235174447, 0.158, -0.04, 0.994, 192.0, 0.0, 0.0, 0.0, 0.0, 0.0, 0.0, 0.0, 0.0, 0.0, 1.7307418014251308E9, 0.0, 2024-11-04 14:36:41.425
86.0, -187500.02235174447, -156286.61588270855, -187500.02235174447, -184860.2366280838, -184238.5452078039, -187357.35116688625, -185373.0974046108, -187500.02235174447, 0.158, -0.04, 0.994, 192.0, 0.0, 0.0, 0.0, 0.0, 0.0, 0.0, 0.0, 0.0, 0.0, 1.7307418014251502E9, 0.0, 2024-11-04 14:36:41.425
87.0, -187500.02235174447, -156372.2007122279, -187500.02235174447, -184860.1919245949, -184234.70070775758, -187363.967283245, -185346.9458635981, -187500.02235174447, 0.158, -0.04, 0.994, 192.0, 0.0, 0.0, 0.0, 0.0, 0.0, 0.0, 0.0, 0.0, 0.0, 1.7307418014252071E9, 0.0, 2024-11-04 14:36:41.425
88.0, -187500.02235174447, -156453.0693236672, -187500.02235174447, -184857.21914258233, -184229.42569606612, -187369.9799025035, -185320.86137781877, -187500.02235174447, 0.158, -0.04, 0.994, 192.0, 0.0, 0.0, 0.0, 0.0, 0.0, 0.0, 0.0, 0.0, 0.0, 1.7307418014252284E9, 0.0, 2024-11-04 14:36:41.425
89.0, -187500.02235174447, -156530.80869088278, -187500.02235174447, -184853.3299390471, -184223.3907250632, -187375.18785896158, -185295.49214786198, -187500.02235174447, 0.162, -0.04, 0.99, 192.0, 5.0, 16.0, 254.0, 192.0, 30.0, 240.0, 0.0, 0.0, 0.0, 1.730741801425248E9, 0.0, 2024-11-04 14:36:41.425
90.0, -187500.02235174447, -156611.83376453325, -187500.02235174447, -184851.69826170188, -184217.91454767162, -187381.55810613133, -185269.3406068493, -187500.02235174447, 0.162, -0.04, 0.99, 192.0, 0.0, 0.0, 0.0, 0.0, 0.0, 0.0, 0.0, 0.0, 0.0, 1.7307418014252696E9, 0.0, 2024-11-04 14:36:41.425
91.0, -187500.02235174447, -156698.3350155753, -187500.02235174447, -184852.41351752443, -184215.724076715, -187389.9400103021, -185245.0666123708, -187500.02235174447, 0.162, -0.04, 0.99, 192.0, 0.0, 0.0, 0.0, 0.0, 0.0, 0.0, 0.0, 0.0, 0.0, 1.7307418014252892E9, 0.0, 2024-11-04 14:36:41.425
92.0, -187500.02235174447, -156782.82460961636, -187500.02235174447, -184852.1900000799, -184213.5336057584, -187399.01481855093, -185222.02196383738, -187500.02235174447, 0.162, -0.04, 0.99, 192.0, 0.0, 0.0, 0.0, 0.0, 0.0, 0.0, 0.0, 0.0, 0.0, 1.73074180142531E9, 0.0, 2024-11-04 14:36:41.425
93.0, -187500.02235174447, -156863.33559314438, -187500.02235174447, -184848.45725875584, -184208.39270453367, -187405.20625176505, -185196.2056989915, -187500.02235174447, 0.162, -0.04, 0.99, 192.0, 0.0, 0.0, 0.0, 0.0, 0.0, 0.0, 0.0, 0.0, 0.0, 1.7307418014253428E9, 0.0, 2024-11-04 14:36:41.425
94.0, -187500.02235174447, -156946.72995170712, -187500.02235174447, -184845.2833110432, -184202.71536144204, -187410.39185647867, -185169.8976957676, -187500.02235174447, 0.162, -0.04, 0.99, 192.0, 0.0, 0.0, 0.0, 0.0, 0.0, 0.0, 0.0, 0.0, 0.0, 1.7307418014253633E9, 0.0, 2024-11-04 14:36:41.425
95.0, -187500.02235174447, -157031.97950505966, -187500.02235174447, -184844.3221860316, -184198.91556488464, -187417.56676644884, -185144.70727976647, -187500.02235174447, 0.162, -0.04, 0.99, 192.0, 0.0, 0.0, 0.0, 0.0, 0.0, 0.0, 0.0, 0.0, 0.0, 1.730741801425383E9, 0.0, 2024-11-04 14:36:41.425
96.0, -187500.02235174447, -157114.18922116628, -187500.02235174447, -184843.0704883421, -184194.73578867147, -187423.98171710753, -185115.9852881414, -187500.02235174447, 0.162, -0.04, 0.99, 192.0, 0.0, 0.0, 0.0, 0.0, 0.0, 0.0, 0.0, 0.0, 0.0, 1.730741801425404E9, 0.0, 2024-11-04 14:36:41.425
97.0, -187500.02235174447, -157188.66523369137, -187500.02235174447, -184835.7838196497, -184186.24212577846, -187425.6357461972, -184909.41046588548, -187500.02235174447, 0.162, -0.04, 0.99, 192.0, 0.0, 0.0, 0.0, 0.0, 0.0, 0.0, 0.0, 0.0, 0.0, 1.7307418014254322E9, 0.0, 2024-11-04 14:36:41.425
98.0, -187500.02235174447, -157238.97901046026, -187500.02235174447, -184805.00546753473, -184222.5860622628, -187402.54639417486, -184714.9055856354, -187500.02235174447, 0.162, -0.04, 0.99, 192.0, 0.0, 0.0, 0.0, 0.0, 0.0, 0.0, 0.0, 0.0, 0.0, 1.7307418014254572E9, 0.0, 2024-11-04 14:36:41.425
99.0, -187500.02235174447, -157286.78939185018, -187500.02235174447, -184770.33791188456, -184271.55873436437, -187375.14315547267, -184940.32292846715, -187500.02235174447, 0.162, -0.042, 0.994, 192.0, 5.0, 16.0, 254.0, 176.0, 31.0, 16.0, 0.0, 0.0, 0.0, 1.7307418014254773E9, 0.0, 2024-11-04 14:36:41.425
100.0, -187500.02235174447, -157340.8359099431, -187500.02235174447, -184741.68297549285, -184245.56365556284, -187355.69713779655, -185211.38253347666, -187500.02235174447, 0.162, -0.042, 0.994, 192.0, 0.0, 0.0, 0.0, 0.0, 0.0, 0.0, 0.0, 0.0, 0.0, 1.7307418014255009E9, 0.0, 2024-11-04 14:36:41.425
101.0, -187500.02235174447, -157391.30614892318, -187500.02235174447, -184710.16701581088, -184212.10309411326, -187334.26181486392, -185534.56640655594, -187500.02235174447, 0.162, -0.042, 0.994, 192.0, 0.0, 0.0, 0.0, 0.0, 0.0, 0.0, 0.0, 0.0, 0.0, 1.7307418014255202E9, 0.0, 2024-11-04 14:36:41.425
102.0, -187500.02235174447, -157454.36042003162, -187500.02235174447, -184690.05044580108, -184189.05844557984, -187322.39303855813, -186082.5641253667, -187500.02235174447, 0.162, -0.042, 0.994, 192.0, 0.0, 0.0, 0.0, 0.0, 0.0, 0.0, 0.0, 0.0, 0.0, 1.730741801425567E9, 0.0, 2024-11-04 14:36:41.425
103.0, -187500.02235174447, -157537.57596463873, -187500.02235174447, -184687.45764344427, -184182.8223088768, -187326.59516651573, -186239.13809527614, -187500.02235174447, 0.162, -0.042, 0.994, 192.0, 0.0, 0.0, 0.0, 0.0, 0.0, 0.0, 0.0, 0.0, 0.0, 1.7307418014255977E9, 0.0, 2024-11-04 14:36:41.425
104.0, -187500.02235174447, -157619.51745981188, -187500.02235174447, -184684.90954457637, -184182.21881177652, -187331.73606774045, -186210.46080713999, -187500.02235174447, 0.162, -0.042, 0.994, 192.0, 0.0, 0.0, 0.0, 0.0, 0.0, 0.0, 0.0, 0.0, 0.0, 1.7307418014256172E9, 0.0, 2024-11-04 14:36:41.425
105.0, -187500.02235174447, -157690.73011764648, -187500.02235174447, -184674.06894851555, -184249.02817595343, -187330.35025958423, -186176.8437834792, -187500.02235174447, 0.162, -0.042, 0.994, 192.0, 0.0, 0.0, 0.0, 0.0, 0.0, 0.0, 0.0, 0.0, 0.0, 1.7307418014256363E9, 0.0, 2024-11-04 14:36:41.425
106.0, -187500.02235174447, -157768.6482988177, -187500.02235174447, -184667.7881083236, -184290.31184796238, -187332.69719275204, -186147.47359126492, -187500.02235174447, 0.162, -0.042, 0.994, 192.0, 0.0, 0.0, 0.0, 0.0, 0.0, 0.0, 0.0, 0.0, 0.0, 1.730741801425656E9, 0.0, 2024-11-04 14:36:41.425
107.0, -187500.02235174447, -157853.87550042575, -187500.02235174447, -184666.44700365627, -184286.78027233842, -187338.70981201052, -186119.91389035154, -187500.02235174447, 0.162, -0.042, 0.994, 192.0, 0.0, 0.0, 0.0, 0.0, 0.0, 0.0, 0.0, 0.0, 0.0, 1.7307418014257002E9, 0.0, 2024-11-04 14:36:41.425
108.0, -187500.02235174447, -157940.46615844563, -187500.02235174447, -184667.22931471223, -184284.5898013818, -187348.05284119284, -186096.19868948444, -187500.02235174447, 0.162, -0.042, 0.994, 192.0, 0.0, 0.0, 0.0, 0.0, 0.0, 0.0, 0.0, 0.0, 0.0, 1.7307418014257207E9, 0.0, 2024-11-04 14:36:41.425
109.0, -187500.02235174447, -158021.93826698523, -187500.02235174447, -184665.6870443448, -184280.43237691312, -187355.85360000774, -186072.3717298951, -187500.02235174447, 0.162, -0.046, 0.998, 192.0, 5.0, 16.0, 254.0, 144.0, 31.0, 48.0, 0.0, 0.0, 0.0, 1.7307418014257407E9, 0.0, 2024-11-04 14:36:41.425
110.0, -187500.02235174447, -158102.44925051325, -187500.02235174447, -184661.8872477874, -184274.75503382148, -187362.2685506664, -186045.88491271556, -187500.02235174447, 0.162, -0.046, 0.998, 192.0, 0.0, 0.0, 0.0, 0.0, 0.0, 0.0, 0.0, 0.0, 0.0, 1.7307418014257617E9, 0.0, 2024-11-04 14:36:41.425
111.0, -187500.02235174447, -158185.9330160538, -187500.02235174447, -184659.40620415285, -184269.25650468547, -187367.78943154687, -186017.72171470188, -187500.02235174447, 0.162, -0.046, 0.998, 192.0, 0.0, 0.0, 0.0, 0.0, 0.0, 0.0, 0.0, 0.0, 0.0, 1.7307418014257812E9, 0.0, 2024-11-04 14:36:41.425
0.0, 0.0, 0.0, 0.0, 0.0, 0.0, 0.0, 0.0, 0.0, 0.162, -0.046, 0.998, 192.0, 0.0, 0.0, 0.0, 0.0, 0.0, 0.0, 0.0, 0.0, 0.0, 1.7307418015159523E9, 0.0, 2024-11-04 14:36:41.515
1.0, -187500.02235174447, -164552.51449972566, -187500.02235174447, -184749.97547268576, -184254.83962951181, -187500.02235174447, -185191.82475707828, -187500.02235174447, 0.158, -0.054, 0.99, 192.0, 4.0, 240.0, 254.0, 80.0, 30.0, 240.0, 0.0, 0.0, 0.0, 1.7307418015319707E9, 0.0, 2024-11-04 14:36:41.531
2.0, -187500.02235174447, -164632.9584280203, -187500.02235174447, -184746.5556557841, -184249.47521084253, -187500.02235174447, -185134.4031255726, -187500.02235174447, 0.158, -0.054, 0.99, 192.0, 0.0, 0.0, 0.0, 0.0, 0.0, 0.0, 0.0, 0.0, 0.0, 1.7307418020116208E9, 0.0, 2024-11-04 14:36:42.011
3.0, -187500.02235174447, -164696.59384448457, -187500.02235174447, -184728.31663230856, -184260.04758596988, -187500.02235174447, -184830.06177306912, -187500.02235174447, 0.158, -0.054, 0.99, 192.0, 0.0, 0.0, 0.0, 0.0, 0.0, 0.0, 0.0, 0.0, 0.0, 1.7307418020117788E9, 0.0, 2024-11-04 14:36:42.011
4.0, -187500.02235174447, -164739.30802813865, -187500.02235174447, -184691.4809574462, -184330.52263623747, -187500.02235174447, -184846.46795349932, -187500.02235174447, 0.158, -0.054, 0.99, 192.0, 0.0, 0.0, 0.0, 0.0, 0.0, 0.0, 0.0, 0.0, 0.0, 1.7307418020118191E9, 0.0, 2024-11-04 14:36:42.011
5.0, -187500.02235174447, -164792.16990377544, -187500.02235174447, -184660.65790184235, -184322.23013904455, -187500.02235174447, -185114.71123870747, -187500.02235174447, 0.158, -0.054, 0.99, 192.0, 0.0, 0.0, 0.0, 0.0, 0.0, 0.0, 0.0, 0.0, 0.0, 1.7307418020119052E9, 0.0, 2024-11-04 14:36:42.011
6.0, -187500.02235174447, -164842.93071543347, -187500.02235174447, -184629.49957007167, -184289.3507229508, -187500.02235174447, -185386.3519890728, -187500.02235174447, 0.158, -0.054, 0.99, 192.0, 0.0, 0.0, 0.0, 0.0, 0.0, 0.0, 0.0, 0.0, 0.0, 1.7307418020119345E9, 0.0, 2024-11-04 14:36:42.011
7.0, -187500.02235174447, -164892.19396021296, -187500.02235174447, -184598.7212179567, -184256.18073417913, -187500.02235174447, -185797.7581975172, -187500.02235174447, 0.158, -0.054, 0.99, 192.0, 0.0, 0.0, 0.0, 0.0, 0.0, 0.0, 0.0, 0.0, 0.0, 1.7307418020119638E9, 0.0, 2024-11-04 14:36:42.011
8.0, -187500.02235174447, -164959.76328370135, -187500.02235174447, -184582.13622357085, -184244.84839974027, -187500.02235174447, -186274.63266547117, -187500.02235174447, 0.158, -0.05, 0.994, 192.0, 4.0, 240.0, 254.0, 112.0, 31.0, 16.0, 0.0, 0.0, 0.0, 1.7307418020119917E9, 0.0, 2024-11-04 14:36:42.011
9.0, -187500.02235174447, -165035.53569740485, -187500.02235174447, -184572.03323507708, -184315.16698779666, -187500.02235174447, -186300.60539252823, -187500.02235174447, 0.158, -0.05, 0.994, 192.0, 0.0, 0.0, 0.0, 0.0, 0.0, 0.0, 0.0, 0.0, 0.0, 1.7307418020120249E9, 0.0, 2024-11-04 14:36:42.012
10.0, -187500.02235174447, -165115.711404766, -187500.02235174447, -184568.2110867752, -184352.2038283591, -187500.02235174447, -186272.4198427701, -187500.02235174447, 0.158, -0.05, 0.994, 192.0, 0.0, 0.0, 0.0, 0.0, 0.0, 0.0, 0.0, 0.0, 0.0, 1.7307418020120747E9, 0.0, 2024-11-04 14:36:42.012
11.0, -187500.02235174447, -165193.96486210404, -187500.02235174447, -184563.9642553287, -184347.17468585668, -187500.02235174447, -186245.97772907946, -187500.02235174447, 0.158, -0.05, 0.994, 192.0, 0.0, 0.0, 0.0, 0.0, 0.0, 0.0, 0.0, 0.0, 0.0, 1.7307418020121071E9, 0.0, 2024-11-04 14:36:42.012
